TITLE = "SU2 Simulation"
VARIABLES = "Iteration","CLift","CDrag","CSideForce","CMx","CMy","CMz","CFx","CFy","CFz","CL/CD","Res_Flow[0]","Res_Flow[1]","Res_Flow[2]","Res_Flow[3]","Res_Flow[4]","Linear_Solver_Iterations","CFL_Number","Time(min)"
ZONE T= "Convergence history"
           0, -0.0118526744, 0.2273023779, 0.0000000000, 0.0000000000, 0.0000000000, -0.0042801758, 0.2273023779, -0.0118526744, 0.0000000000, -0.0521449644, -1.5024443248, 0.7283838367, -11.5373698171, 3.9804012973, 0.0000000000, 5.0000000000, 10.0000000000, 0.0010732167
           1, -0.0233840641, 0.2555675909, 0.0000000000, 0.0000000000, 0.0000000000, -0.0094542700, 0.2555675909, -0.0233840641, 0.0000000000, -0.0914985503, -1.7730591125, 0.5242449347, 0.5564546051, 3.7169234043, 0.0000000000, 5.0000000000, 10.0000000000, 0.0021536000
           2, -0.0310942812, 0.2538667202, 0.0000000000, 0.0000000000, 0.0000000000, -0.0127606687, 0.2538667202, -0.0310942812, 0.0000000000, -0.1224826995, -1.9320057887, 0.4911980466, 0.5689322046, 3.5549082407, 0.0000000000, 5.0000000000, 10.0000000000, 0.0030810833
           3, -0.0358343170, 0.2481944971, 0.0000000000, 0.0000000000, 0.0000000000, -0.0147620015, 0.2481944971, -0.0358343170, 0.0000000000, -0.1443799817, -2.0324787983, 0.4740693443, 0.5555421339, 3.4451335438, 0.0000000000, 5.0000000000, 10.0000000000, 0.0039807167
           4, -0.0394852105, 0.2420592882, 0.0000000000, 0.0000000000, 0.0000000000, -0.0162674785, 0.2420592882, -0.0394852105, 0.0000000000, -0.1631220632, -2.0660673887, 0.4797093880, 0.5470603285, 3.4024822910, 0.0000000000, 5.0000000000, 10.0000000000, 0.0049332833
           5, -0.0424135935, 0.2354325507, 0.0000000000, 0.0000000000, 0.0000000000, -0.0174318411, 0.2354325507, -0.0424135935, 0.0000000000, -0.1801517818, -2.0742212866, 0.4960472733, 0.5430277296, 3.3871852638, 0.0000000000, 5.0000000000, 10.0000000000, 0.0059273833
           6, -0.0446952155, 0.2282703778, 0.0000000000, 0.0000000000, 0.0000000000, -0.0182961401, 0.2282703778, -0.0446952155, 0.0000000000, -0.1957994545, -2.0728040730, 0.5131563850, 0.5404839137, 3.3823603052, 0.0000000000, 5.0000000000, 10.0000000000, 0.0069088333
           7, -0.0463076441, 0.2203842610, 0.0000000000, 0.0000000000, 0.0000000000, -0.0188557103, 0.2203842610, -0.0463076441, 0.0000000000, -0.2101222834, -2.0673381583, 0.5278344169, 0.5370126619, 3.3816442260, 0.0000000000, 5.0000000000, 10.0000000000, 0.0078917667
           8, -0.0471113630, 0.2114319416, 0.0000000000, 0.0000000000, 0.0000000000, -0.0190508473, 0.2114319416, -0.0471113630, 0.0000000000, -0.2228204626, -2.0602670291, 0.5394070414, 0.5307726074, 3.3821392014, 0.0000000000, 5.0000000000, 10.0000000000, 0.0088157333
           9, -0.0467602853, 0.2009823498, 0.0000000000, 0.0000000000, 0.0000000000, -0.0187304897, 0.2009823498, -0.0467602853, 0.0000000000, -0.2326586657, -2.0528081790, 0.5475324779, 0.5200904488, 3.3822247565, 0.0000000000, 5.0000000000, 10.0000000000, 0.0097058000
          10, -0.0446319327, 0.1887941279, 0.0000000000, 0.0000000000, 0.0000000000, -0.0176254157, 0.1887941279, -0.0446319327, 0.0000000000, -0.2364053014, -2.0455831612, 0.5515047471, 0.5029942846, 3.3808946831, 0.0000000000, 5.0000000000, 10.0000000000, 0.0106165500
          11, -0.0400774239, 0.1755115342, 0.0000000000, 0.0000000000, 0.0000000000, -0.0154629214, 0.1755115342, -0.0400774239, 0.0000000000, -0.2283463822, -2.0389201887, 0.5502776473, 0.4771753585, 3.3777993096, 0.0000000000, 5.0000000000, 10.0000000000, 0.0116189167
          12, -0.0329420108, 0.1625658522, 0.0000000000, 0.0000000000, 0.0000000000, -0.0121863749, 0.1625658522, -0.0329420108, 0.0000000000, -0.2026379483, -2.0319431165, 0.5441718316, 0.4422371389, 3.3752225287, 0.0000000000, 5.0000000000, 10.0000000000, 0.0125637667
          13, -0.0232365218, 0.1505896966, 0.0000000000, 0.0000000000, 0.0000000000, -0.0077899649, 0.1505896966, -0.0232365218, 0.0000000000, -0.1543035300, -2.0219199056, 0.5374590599, 0.4022712613, 3.3789040674, 0.0000000000, 5.0000000000, 10.0000000000, 0.0135095500
          14, -0.0116533489, 0.1404892440, 0.0000000000, 0.0000000000, 0.0000000000, -0.0025638246, 0.1404892440, -0.0116533489, 0.0000000000, -0.0829483354, -2.0115514832, 0.5320888307, 0.3569179734, 3.3856029519, 0.0000000000, 5.0000000000, 10.0000000000, 0.0145523167
          15, -0.0008194269, 0.1319693948, 0.0000000000, 0.0000000000, 0.0000000000, 0.0024291875, 0.1319693948, -0.0008194269, 0.0000000000, -0.0062092189, -2.0078936000, 0.5264741729, 0.3042771769, 3.3855965117, 0.0000000000, 5.0000000000, 10.0000000000, 0.0154673333
          16, 0.0077723064, 0.1245007604, 0.0000000000, 0.0000000000, 0.0000000000, 0.0065430101, 0.1245007604, 0.0077723064, 0.0000000000, 0.0624277829, -2.0101363320, 0.5196872425, 0.2616055966, 3.3810698803, 0.0000000000, 5.0000000000, 10.0000000000, 0.0164527167
          17, 0.0149453766, 0.1189104051, 0.0000000000, 0.0000000000, 0.0000000000, 0.0100013992, 0.1189104051, 0.0149453766, 0.0000000000, 0.1256860287, -2.0077379086, 0.5047631946, 0.2372399175, 3.3820183719, 0.0000000000, 5.0000000000, 10.0000000000, 0.0174027667
          18, 0.0220468493, 0.1136417436, 0.0000000000, 0.0000000000, 0.0000000000, 0.0134514990, 0.1136417436, 0.0220468493, 0.0000000000, 0.1940030891, -1.9999097178, 0.4966844496, 0.2248076175, 3.3917570295, 0.0000000000, 5.0000000000, 10.0000000000, 0.0184126833
          19, 0.0282464798, 0.1087061043, 0.0000000000, 0.0000000000, 0.0000000000, 0.0165217642, 0.1087061043, 0.0282464798, 0.0000000000, 0.2598426281, -1.9949705882, 0.4876958141, 0.2128994187, 3.3971028571, 0.0000000000, 5.0000000000, 10.0000000000, 0.0193237500
          20, 0.0330374316, 0.1040266348, 0.0000000000, 0.0000000000, 0.0000000000, 0.0189690794, 0.1040266348, 0.0330374316, 0.0000000000, 0.3175862767, -1.9939946331, 0.4784352568, 0.2073697457, 3.3975766013, 0.0000000000, 5.0000000000, 10.0000000000, 0.0205499500
          21, 0.0363901752, 0.0994712600, 0.0000000000, 0.0000000000, 0.0000000000, 0.0207555941, 0.0994712600, 0.0363901752, 0.0000000000, 0.3658360731, -1.9943888342, 0.4724780422, 0.2139280630, 3.3973849159, 0.0000000000, 5.0000000000, 10.0000000000, 0.0217019500
          22, 0.0383868313, 0.0949028608, 0.0000000000, 0.0000000000, 0.0000000000, 0.0218907980, 0.0949028608, 0.0383868313, 0.0000000000, 0.4044855019, -1.9953910202, 0.4696543349, 0.2260732804, 3.3970986374, 0.0000000000, 5.0000000000, 10.0000000000, 0.0228973167
          23, 0.0391009293, 0.0902156082, 0.0000000000, 0.0000000000, 0.0000000000, 0.0223773338, 0.0902156082, 0.0391009293, 0.0000000000, 0.4334164566, -1.9973610235, 0.4686043066, 0.2375785202, 3.3957722597, 0.0000000000, 5.0000000000, 10.0000000000, 0.0240104833
          24, 0.0386255500, 0.0853443845, 0.0000000000, 0.0000000000, 0.0000000000, 0.0222289326, 0.0853443845, 0.0386255500, 0.0000000000, 0.4525845519, -2.0004802857, 0.4686177673, 0.2461823928, 3.3929643964, 0.0000000000, 5.0000000000, 10.0000000000, 0.0249406333
          25, 0.0370905811, 0.0802019403, 0.0000000000, 0.0000000000, 0.0000000000, 0.0214931074, 0.0802019403, 0.0370905811, 0.0000000000, 0.4624648854, -2.0045524639, 0.4695998872, 0.2522196346, 3.3889301692, 0.0000000000, 5.0000000000, 10.0000000000, 0.0259158333
          26, 0.0346312013, 0.0745670265, 0.0000000000, 0.0000000000, 0.0000000000, 0.0202541882, 0.0745670265, 0.0346312013, 0.0000000000, 0.4644304983, -2.0093942794, 0.4714541689, 0.2578332186, 3.3839980189, 0.0000000000, 5.0000000000, 10.0000000000, 0.0269356833
          27, 0.0314795395, 0.0682977415, 0.0000000000, 0.0000000000, 0.0000000000, 0.0186414196, 0.0682977415, 0.0314795395, 0.0000000000, 0.4609162589, -2.0151656269, 0.4736451704, 0.2656980212, 3.3780015367, 0.0000000000, 5.0000000000, 10.0000000000, 0.0279892500
          28, 0.0279866137, 0.0617911467, 0.0000000000, 0.0000000000, 0.0000000000, 0.0167926166, 0.0617911467, 0.0279866137, 0.0000000000, 0.4529227107, -2.0220605729, 0.4760132902, 0.2770984537, 3.3708221814, 0.0000000000, 5.0000000000, 10.0000000000, 0.0290125667
          29, 0.0244680852, 0.0555470321, 0.0000000000, 0.0000000000, 0.0000000000, 0.0148303836, 0.0555470321, 0.0244680852, 0.0000000000, 0.4404931146, -2.0297926797, 0.4792703878, 0.2897371648, 3.3630541712, 0.0000000000, 5.0000000000, 10.0000000000, 0.0299891000
          30, 0.0211063945, 0.0498012194, 0.0000000000, 0.0000000000, 0.0000000000, 0.0128413522, 0.0498012194, 0.0211063945, 0.0000000000, 0.4238128060, -2.0378444578, 0.4835911011, 0.3011165790, 3.3552806533, 0.0000000000, 5.0000000000, 10.0000000000, 0.0308978833
          31, 0.0179531689, 0.0445382382, 0.0000000000, 0.0000000000, 0.0000000000, 0.0108730684, 0.0445382382, 0.0179531689, 0.0000000000, 0.4030956226, -2.0458656122, 0.4884270500, 0.3110301786, 3.3477319106, 0.0000000000, 5.0000000000, 10.0000000000, 0.0319531500
          32, 0.0149985299, 0.0396626269, 0.0000000000, 0.0000000000, 0.0000000000, 0.0089492658, 0.0396626269, 0.0149985299, 0.0000000000, 0.3781527121, -2.0537988502, 0.4930438418, 0.3199137998, 3.3402796050, 0.0000000000, 5.0000000000, 10.0000000000, 0.0329573000
          33, 0.0122136536, 0.0350872416, 0.0000000000, 0.0000000000, 0.0000000000, 0.0070806767, 0.0350872416, 0.0122136536, 0.0000000000, 0.3480938675, -2.0616756092, 0.4969485959, 0.3278750510, 3.3327377164, 0.0000000000, 5.0000000000, 10.0000000000, 0.0339916500
          34, 0.0095704901, 0.0307486905, 0.0000000000, 0.0000000000, 0.0000000000, 0.0052722603, 0.0307486905, 0.0095704901, 0.0000000000, 0.3112487056, -2.0694728479, 0.4999000738, 0.3347360199, 3.3250340133, 0.0000000000, 5.0000000000, 10.0000000000, 0.0349807167
          35, 0.0070503762, 0.0265959774, 0.0000000000, 0.0000000000, 0.0000000000, 0.0035285100, 0.0265959774, 0.0070503762, 0.0000000000, 0.2650918249, -2.0770820188, 0.5018087214, 0.3402441918, 3.3172402146, 0.0000000000, 5.0000000000, 10.0000000000, 0.0359450500
          36, 0.0046472060, 0.0225686837, 0.0000000000, 0.0000000000, 0.0000000000, 0.0018574595, 0.0225686837, 0.0046472060, 0.0000000000, 0.2059139159, -2.0843051697, 0.5026773575, 0.3441851456, 3.3095770605, 0.0000000000, 5.0000000000, 10.0000000000, 0.0369803167
          37, 0.0023635101, 0.0185504698, 0.0000000000, 0.0000000000, 0.0000000000, 0.0002732076, 0.0185504698, 0.0023635101, 0.0000000000, 0.1274097177, -2.0908510592, 0.5026041249, 0.3464048472, 3.3024259860, 0.0000000000, 5.0000000000, 10.0000000000, 0.0378765500
          38, 0.0001801858, 0.0141267321, 0.0000000000, 0.0000000000, 0.0000000000, -0.0011995361, 0.0141267321, 0.0001801858, 0.0000000000, 0.0127549507, -2.0963744109, 0.5018196518, 0.3467850896, 3.2962797477, 0.0000000000, 5.0000000000, 10.0000000000, 0.0388487833
          39, -0.0016439825, 0.0099866459, 0.0000000000, 0.0000000000, 0.0000000000, -0.0024600141, 0.0099866459, -0.0016439825, 0.0000000000, -0.1646180780, -2.1006483143, 0.5006748450, 0.3450326996, 3.2914622992, 0.0000000000, 5.0000000000, 10.0000000000, 0.0398835667
          40, -0.0032351533, 0.0066088300, 0.0000000000, 0.0000000000, 0.0000000000, -0.0036305674, 0.0066088300, -0.0032351533, 0.0000000000, -0.4895198205, -2.1017952272, 0.5029912290, 0.3419704065, 3.2913230842, 0.0000000000, 5.0000000000, 10.0000000000, 0.0409009500
          41, -0.0046717477, 0.0030432676, 0.0000000000, 0.0000000000, 0.0000000000, -0.0046809194, 0.0030432676, -0.0046717477, 0.0000000000, -1.5351090743, -2.1015826305, 0.5057229231, 0.3394943988, 3.2931427562, 0.0000000000, 5.0000000000, 10.0000000000, 0.0419122500
          42, -0.0059340691, -0.0007040180, 0.0000000000, 0.0000000000, 0.0000000000, -0.0055889364, -0.0007040180, -0.0059340691, 0.0000000000, 8.4288599631, -2.1013836776, 0.5086062510, 0.3355839212, 3.2943956489, 0.0000000000, 5.0000000000, 10.0000000000, 0.0429146500
          43, -0.0070052750, -0.0045421883, 0.0000000000, 0.0000000000, 0.0000000000, -0.0063440366, -0.0045421883, -0.0070052750, 0.0000000000, 1.5422687213, -2.1008650522, 0.5115884543, 0.3305662469, 3.2957062811, 0.0000000000, 5.0000000000, 10.0000000000, 0.0439891833
          44, -0.0078684706, -0.0083776365, 0.0000000000, 0.0000000000, 0.0000000000, -0.0069391712, -0.0083776365, -0.0078684706, 0.0000000000, 0.9392232022, -2.0998336625, 0.5143386885, 0.3248119514, 3.2974432486, 0.0000000000, 5.0000000000, 10.0000000000, 0.0449752000
          45, -0.0085045510, -0.0121392236, 0.0000000000, 0.0000000000, 0.0000000000, -0.0073674183, -0.0121392236, -0.0085045510, 0.0000000000, 0.7005844243, -2.0981661264, 0.5165314439, 0.3185514032, 3.2998036212, 0.0000000000, 5.0000000000, 10.0000000000, 0.0459430000
          46, -0.0088935266, -0.0157894132, 0.0000000000, 0.0000000000, 0.0000000000, -0.0076219748, -0.0157894132, -0.0088935266, 0.0000000000, 0.5632588391, -2.0957247210, 0.5179707077, 0.3119471663, 3.3029658259, 0.0000000000, 5.0000000000, 10.0000000000, 0.0468203167
          47, -0.0090170634, -0.0193255505, 0.0000000000, 0.0000000000, 0.0000000000, -0.0076973640, -0.0193255505, -0.0090170634, 0.0000000000, 0.4665876622, -2.0923591101, 0.5185933475, 0.3051516324, 3.3071075502, 0.0000000000, 5.0000000000, 10.0000000000, 0.0477697667
          48, -0.0088608764, -0.0227743546, 0.0000000000, 0.0000000000, 0.0000000000, -0.0075905166, -0.0227743546, -0.0088608764, 0.0000000000, 0.3890725556, -2.0879388198, 0.5184379483, 0.2983332195, 3.3123717744, 0.0000000000, 5.0000000000, 10.0000000000, 0.0487664167
          49, -0.0084168600, -0.0261786791, 0.0000000000, 0.0000000000, 0.0000000000, -0.0073019370, -0.0261786791, -0.0084168600, 0.0000000000, 0.3215158411, -2.0823886950, 0.5176191607, 0.2916979715, 3.3188250346, 0.0000000000, 5.0000000000, 10.0000000000, 0.0497158333
          50, -0.0076851938, -0.0295797319, 0.0000000000, 0.0000000000, 0.0000000000, -0.0068370251, -0.0295797319, -0.0076851938, 0.0000000000, 0.2598128285, -2.0757087000, 0.5163182954, 0.2855211376, 3.3264363104, 0.0000000000, 5.0000000000, 10.0000000000, 0.0507207833
          51, -0.0066766722, -0.0329974989, 0.0000000000, 0.0000000000, 0.0000000000, -0.0062079288, -0.0329974989, -0.0066766722, 0.0000000000, 0.2023387348, -2.0679703377, 0.5147869473, 0.2801782136, 3.3350878967, 0.0000000000, 5.0000000000, 10.0000000000, 0.0516897000
          52, -0.0054150767, -0.0364156326, 0.0000000000, 0.0000000000, 0.0000000000, -0.0054352062, -0.0364156326, -0.0054150767, 0.0000000000, 0.1487019793, -2.0592964882, 0.5133449151, 0.2761462177, 3.3446068797, 0.0000000000, 5.0000000000, 10.0000000000, 0.0526177833
          53, -0.0039390850, -0.0397763989, 0.0000000000, 0.0000000000, 0.0000000000, -0.0045486465, -0.0397763989, -0.0039390850, 0.0000000000, 0.0990307103, -2.0498374829, 0.5123620602, 0.2739573231, 3.3547995319, 0.0000000000, 5.0000000000, 10.0000000000, 0.0535689167
          54, -0.0023010114, -0.0429795429, 0.0000000000, 0.0000000000, 0.0000000000, -0.0035868228, -0.0429795429, -0.0023010114, 0.0000000000, 0.0535373627, -2.0397565794, 0.5122231199, 0.2741145763, 3.3654714853, 0.0000000000, 5.0000000000, 10.0000000000, 0.0545347500
          55, -0.0005625859, -0.0458932849, 0.0000000000, 0.0000000000, 0.0000000000, -0.0025938127, -0.0458932849, -0.0005625859, 0.0000000000, 0.0122585672, -2.0292309292, 0.5132705220, 0.2769929051, 3.3764244846, 0.0000000000, 5.0000000000, 10.0000000000, 0.0555974833
          56, 0.0012245350, -0.0483114773, 0.0000000000, 0.0000000000, 0.0000000000, -0.0016143096, -0.0483114773, 0.0012245350, 0.0000000000, -0.0253466677, -2.0184626290, 0.5157403894, 0.2827662709, 3.3874399904, 0.0000000000, 5.0000000000, 10.0000000000, 0.0565096500
          57, 0.0030716486, -0.0497386077, 0.0000000000, 0.0000000000, 0.0000000000, -0.0006868312, -0.0497386077, 0.0030716486, 0.0000000000, -0.0617558224, -2.0077057019, 0.5196201792, 0.2913227426, 3.3982266278, 0.0000000000, 5.0000000000, 10.0000000000, 0.0575179000
          58, 0.0051585367, -0.0489269924, 0.0000000000, 0.0000000000, 0.0000000000, 0.0001628158, -0.0489269924, 0.0051585367, 0.0000000000, -0.1054333492, -1.9973375061, 0.5241729823, 0.3019985427, 3.4082436065, 0.0000000000, 5.0000000000, 10.0000000000, 0.0585455833
          59, 0.0076931544, -0.0447901626, 0.0000000000, 0.0000000000, 0.0000000000, 0.0009288138, -0.0447901626, 0.0076931544, 0.0000000000, -0.1717599120, -1.9879046115, 0.5266895032, 0.3130169481, 3.4163783487, 0.0000000000, 5.0000000000, 10.0000000000, 0.0595185000
          60, 0.0103656628, -0.0391529755, 0.0000000000, 0.0000000000, 0.0000000000, 0.0016190845, -0.0391529755, 0.0103656628, 0.0000000000, -0.2647477671, -1.9795327391, 0.5235232423, 0.3227592932, 3.4218505219, 0.0000000000, 5.0000000000, 10.0000000000, 0.0604508667
          61, 0.0127573387, -0.0338767308, 0.0000000000, 0.0000000000, 0.0000000000, 0.0021913385, -0.0338767308, 0.0127573387, 0.0000000000, -0.3765811628, -1.9719882276, 0.5182945875, 0.3324552164, 3.4257374317, 0.0000000000, 5.0000000000, 10.0000000000, 0.0614624167
          62, 0.0147124975, -0.0290796559, 0.0000000000, 0.0000000000, 0.0000000000, 0.0025473744, -0.0290796559, 0.0147124975, 0.0000000000, -0.5059378141, -1.9650533801, 0.5173912495, 0.3438406530, 3.4296011645, 0.0000000000, 5.0000000000, 10.0000000000, 0.0623643167
          63, 0.0161384233, -0.0255026550, 0.0000000000, 0.0000000000, 0.0000000000, 0.0026557064, -0.0255026550, 0.0161384233, 0.0000000000, -0.6328134571, -1.9582444641, 0.5225534245, 0.3584042221, 3.4346171399, 0.0000000000, 5.0000000000, 10.0000000000, 0.0633896500
          64, 0.0168870432, -0.0245498416, 0.0000000000, 0.0000000000, 0.0000000000, 0.0025660013, -0.0245498416, 0.0168870432, 0.0000000000, -0.6878677030, -1.9521936388, 0.5322366746, 0.3746848052, 3.4396243256, 0.0000000000, 5.0000000000, 10.0000000000, 0.0642730500
          65, 0.0169646254, -0.0258854026, 0.0000000000, 0.0000000000, 0.0000000000, 0.0022983956, -0.0258854026, 0.0169646254, 0.0000000000, -0.6553742165, -1.9472067094, 0.5436403525, 0.3893681580, 3.4436276519, 0.0000000000, 5.0000000000, 10.0000000000, 0.0653512333
          66, 0.0165242351, -0.0280864428, 0.0000000000, 0.0000000000, 0.0000000000, 0.0018475074, -0.0280864428, 0.0165242351, 0.0000000000, -0.5883349221, -1.9429287931, 0.5552536923, 0.4023554625, 3.4470370806, 0.0000000000, 5.0000000000, 10.0000000000, 0.0663712667
          67, 0.0157076341, -0.0300778176, 0.0000000000, 0.0000000000, 0.0000000000, 0.0012208097, -0.0300778176, 0.0157076341, 0.0000000000, -0.5222331706, -1.9395174010, 0.5666439222, 0.4141980602, 3.4496281161, 0.0000000000, 5.0000000000, 10.0000000000, 0.0672956667
          68, 0.0146163922, -0.0313924657, 0.0000000000, 0.0000000000, 0.0000000000, 0.0004445323, -0.0313924657, 0.0146163922, 0.0000000000, -0.4656019170, -1.9372962083, 0.5776232975, 0.4246072677, 3.4509385044, 0.0000000000, 5.0000000000, 10.0000000000, 0.0682982500
          69, 0.0133324350, -0.0319438702, 0.0000000000, 0.0000000000, 0.0000000000, -0.0004434533, -0.0319438702, 0.0133324350, 0.0000000000, -0.4173706870, -1.9363296626, 0.5880509067, 0.4333169701, 3.4509357001, 0.0000000000, 5.0000000000, 10.0000000000, 0.0692089333
          70, 0.0119303430, -0.0318177454, 0.0000000000, 0.0000000000, 0.0000000000, -0.0014011970, -0.0318177454, 0.0119303430, 0.0000000000, -0.3749587804, -1.9365197176, 0.5978452675, 0.4403480142, 3.4498392105, 0.0000000000, 5.0000000000, 10.0000000000, 0.0701557667
          71, 0.0104779951, -0.0311549925, 0.0000000000, 0.0000000000, 0.0000000000, -0.0023884513, -0.0311549925, 0.0104779951, 0.0000000000, -0.3363183333, -1.9377366371, 0.6069598888, 0.4458357564, 3.4478931050, 0.0000000000, 5.0000000000, 10.0000000000, 0.0711270000
          72, 0.0090337983, -0.0300856424, 0.0000000000, 0.0000000000, 0.0000000000, -0.0033710405, -0.0300856424, 0.0090337983, 0.0000000000, -0.3002694188, -1.9398544373, 0.6153453960, 0.4498964876, 3.4453060965, 0.0000000000, 5.0000000000, 10.0000000000, 0.0720848000
          73, 0.0076431839, -0.0287036658, 0.0000000000, 0.0000000000, 0.0000000000, -0.0043233798, -0.0287036658, 0.0076431839, 0.0000000000, -0.2662790150, -1.9427576634, 0.6229216022, 0.4525989163, 3.4422459324, 0.0000000000, 5.0000000000, 10.0000000000, 0.0730663667
          74, 0.0063363021, -0.0270628252, 0.0000000000, 0.0000000000, 0.0000000000, -0.0052292718, -0.0270628252, 0.0063363021, 0.0000000000, -0.2341330591, -1.9463437643, 0.6295758228, 0.4539807277, 3.4388451786, 0.0000000000, 5.0000000000, 10.0000000000, 0.0740558500
          75, 0.0051275180, -0.0251818270, 0.0000000000, 0.0000000000, 0.0000000000, -0.0060814812, -0.0251818270, 0.0051275180, 0.0000000000, -0.2036197756, -1.9505258693, 0.6351773140, 0.4540678474, 3.4352058492, 0.0000000000, 5.0000000000, 10.0000000000, 0.0749760500
          76, 0.0040167573, -0.0230527456, 0.0000000000, 0.0000000000, 0.0000000000, -0.0068805154, -0.0230527456, 0.0040167573, 0.0000000000, -0.1742420349, -1.9552329786, 0.6395983073, 0.4528845876, 3.4314057168, 0.0000000000, 5.0000000000, 10.0000000000, 0.0758849167
          77, 0.0029918050, -0.0206508366, 0.0000000000, 0.0000000000, 0.0000000000, -0.0076329079, -0.0206508366, 0.0029918050, 0.0000000000, -0.1448757276, -1.9604061278, 0.6427344498, 0.4504571194, 3.4275079361, 0.0000000000, 5.0000000000, 10.0000000000, 0.0768391333
          78, 0.0020313625, -0.0179444382, 0.0000000000, 0.0000000000, 0.0000000000, -0.0083491968, -0.0179444382, 0.0020313625, 0.0000000000, -0.1132029010, -1.9659906064, 0.6445256057, 0.4468167192, 3.4235746761, 0.0000000000, 5.0000000000, 10.0000000000, 0.0777682500
          79, 0.0011079168, -0.0149119083, 0.0000000000, 0.0000000000, 0.0000000000, -0.0090417679, -0.0149119083, 0.0011079168, 0.0000000000, -0.0742974536, -1.9719278316, 0.6449759154, 0.4420065797, 3.4196787655, 0.0000000000, 5.0000000000, 10.0000000000, 0.0787309167
          80, 0.0001885561, -0.0115695741, 0.0000000000, 0.0000000000, 0.0000000000, -0.0097222300, -0.0115695741, 0.0001885561, 0.0000000000, -0.0162975822, -1.9781461760, 0.6441766086, 0.4360935980, 3.4159150935, 0.0000000000, 5.0000000000, 10.0000000000, 0.0796095500
          81, -0.0007686122, -0.0080243265, 0.0000000000, 0.0000000000, 0.0000000000, -0.0103978806, -0.0080243265, -0.0007686122, 0.0000000000, 0.0957852558, -1.9845504122, 0.6423316508, 0.4291812106, 3.4124110158, 0.0000000000, 5.0000000000, 10.0000000000, 0.0805783667
          82, -0.0018179892, -0.0045231289, 0.0000000000, 0.0000000000, 0.0000000000, -0.0110683673, -0.0045231289, -0.0018179892, 0.0000000000, 0.4019317721, -1.9910074435, 0.6397604364, 0.4214090683, 3.4093290014, 0.0000000000, 5.0000000000, 10.0000000000, 0.0815440000
          83, -0.0030251203, -0.0014477882, 0.0000000000, 0.0000000000, 0.0000000000, -0.0117240373, -0.0014477882, -0.0030251203, 0.0000000000, 2.0894770174, -1.9973324161, 0.6368333157, 0.4129248557, 3.4068456820, 0.0000000000, 5.0000000000, 10.0000000000, 0.0825033000
          84, -0.0044512033, 0.0008131547, 0.0000000000, 0.0000000000, 0.0000000000, -0.0123489680, 0.0008131547, -0.0044512033, 0.0000000000, -5.4739929890, -2.0032925300, 0.6337882058, 0.4038478231, 3.4050808441, 0.0000000000, 5.0000000000, 10.0000000000, 0.0835063333
          85, -0.0061289195, 0.0020655000, 0.0000000000, 0.0000000000, 0.0000000000, -0.0129275052, 0.0020655000, -0.0061289195, 0.0000000000, -2.9672812931, -2.0086702174, 0.6305051701, 0.3942911428, 3.4039716379, 0.0000000000, 5.0000000000, 10.0000000000, 0.0844192667
          86, -0.0080476145, 0.0024243260, 0.0000000000, 0.0000000000, 0.0000000000, -0.0134491466, 0.0024243260, -0.0080476145, 0.0000000000, -3.3195264735, -2.0133880647, 0.6264550050, 0.3844256893, 3.4031590265, 0.0000000000, 5.0000000000, 10.0000000000, 0.0853974000
          87, -0.0101578584, 0.0022638722, 0.0000000000, 0.0000000000, 0.0000000000, -0.0139084944, 0.0022638722, -0.0101578584, 0.0000000000, -4.4869398068, -2.0175758847, 0.6209731429, 0.3744402087, 3.4020466750, 0.0000000000, 5.0000000000, 10.0000000000, 0.0863551667
          88, -0.0123887117, 0.0020543637, 0.0000000000, 0.0000000000, 0.0000000000, -0.0143018923, 0.0020543637, -0.0123887117, 0.0000000000, -6.0304374278, -2.0214664969, 0.6136813228, 0.3643935611, 3.4000774914, 0.0000000000, 5.0000000000, 10.0000000000, 0.0873370167
          89, -0.0146666833, 0.0021911034, 0.0000000000, 0.0000000000, 0.0000000000, -0.0146239491, 0.0021911034, -0.0146666833, 0.0000000000, -6.6937430172, -2.0251872327, 0.6047817754, 0.3542025542, 3.3970623886, 0.0000000000, 5.0000000000, 10.0000000000, 0.0883689333
          90, -0.0169270815, 0.0028980822, 0.0000000000, 0.0000000000, 0.0000000000, -0.0148663449, 0.0028980822, -0.0169270815, 0.0000000000, -5.8407872969, -2.0286558873, 0.5950259826, 0.3438826830, 3.3932616459, 0.0000000000, 5.0000000000, 10.0000000000, 0.0893593000
          91, -0.0191168599, 0.0042295965, 0.0000000000, 0.0000000000, 0.0000000000, -0.0150187651, 0.0042295965, -0.0191168599, 0.0000000000, -4.5197833275, -2.0316578032, 0.5854058664, 0.3338042075, 3.3891620264, 0.0000000000, 5.0000000000, 10.0000000000, 0.0903628167
          92, -0.0211936824, 0.0061187294, 0.0000000000, 0.0000000000, 0.0000000000, -0.0150705247, 0.0061187294, -0.0211936824, 0.0000000000, -3.4637391202, -2.0339966754, 0.5767945121, 0.3246898537, 3.3851714479, 0.0000000000, 5.0000000000, 10.0000000000, 0.0913736167
          93, -0.0231233367, 0.0084378045, 0.0000000000, 0.0000000000, 0.0000000000, -0.0150125978, 0.0084378045, -0.0231233367, 0.0000000000, -2.7404447060, -2.0355540793, 0.5697759523, 0.3174134874, 3.3815165976, 0.0000000000, 5.0000000000, 10.0000000000, 0.0923464000
          94, -0.0248784253, 0.0110453603, 0.0000000000, 0.0000000000, 0.0000000000, -0.0148392600, 0.0110453603, -0.0248784253, 0.0000000000, -2.2523869391, -2.0362881908, 0.5646368726, 0.3127616090, 3.3782809364, 0.0000000000, 5.0000000000, 10.0000000000, 0.0932783167
          95, -0.0264388990, 0.0138093151, 0.0000000000, 0.0000000000, 0.0000000000, -0.0145488337, 0.0138093151, -0.0264388990, 0.0000000000, -1.9145698997, -2.0362297294, 0.5614252069, 0.3112667247, 3.3754604096, 0.0000000000, 5.0000000000, 10.0000000000, 0.0943299667
          96, -0.0277926201, 0.0166118374, 0.0000000000, 0.0000000000, 0.0000000000, -0.0141435270, 0.0166118374, -0.0277926201, 0.0000000000, -1.6730611677, -2.0354870035, 0.5600110640, 0.3131206029, 3.3729888107, 0.0000000000, 5.0000000000, 10.0000000000, 0.0952442500
          97, -0.0289351427, 0.0193487168, 0.0000000000, 0.0000000000, 0.0000000000, -0.0136285609, 0.0193487168, -0.0289351427, 0.0000000000, -1.4954553856, -2.0342445129, 0.5601326628, 0.3181470522, 3.3707445050, 0.0000000000, 5.0000000000, 10.0000000000, 0.0961566333
          98, -0.0298680378, 0.0219295859, 0.0000000000, 0.0000000000, 0.0000000000, -0.0130109926, 0.0219295859, -0.0298680378, 0.0000000000, -1.3619973415, -2.0327486608, 0.5614241138, 0.3258326357, 3.3685523334, 0.0000000000, 5.0000000000, 10.0000000000, 0.0970554833
          99, -0.0305935055, 0.0242882855, 0.0000000000, 0.0000000000, 0.0000000000, -0.0122991214, 0.0242882855, -0.0305935055, 0.0000000000, -1.2595992200, -2.0312813683, 0.5634399030, 0.3354137009, 3.3661934499, 0.0000000000, 5.0000000000, 10.0000000000, 0.0980785333
         100, -0.0311070394, 0.0264000990, 0.0000000000, 0.0000000000, 0.0000000000, -0.0115021599, 0.0264000990, -0.0311070394, 0.0000000000, -1.1782925282, -2.0301285395, 0.5657032593, 0.3459969793, 3.3634324605, 0.0000000000, 5.0000000000, 10.0000000000, 0.0991050833
         101, -0.0313831232, 0.0283265198, 0.0000000000, 0.0000000000, 0.0000000000, -0.0106289096, 0.0283265198, -0.0313831232, 0.0000000000, -1.1079060694, -2.0295736074, 0.5677590003, 0.3566876133, 3.3600229607, 0.0000000000, 5.0000000000, 10.0000000000, 0.1000031000
         102, -0.0313650117, 0.0302529720, 0.0000000000, 0.0000000000, 0.0000000000, -0.0096836855, 0.0302529720, -0.0313650117, 0.0000000000, -1.0367580295, -2.0299009760, 0.5693964335, 0.3668093935, 3.3557657030, 0.0000000000, 5.0000000000, 10.0000000000, 0.1009390333
         103, -0.0309777961, 0.0322366210, 0.0000000000, 0.0000000000, 0.0000000000, -0.0086671433, 0.0322366210, -0.0309777961, 0.0000000000, -0.9609504684, -2.0312410284, 0.5710478404, 0.3762327782, 3.3508201532, 0.0000000000, 5.0000000000, 10.0000000000, 0.1018786167
         104, -0.0306900148, 0.0305773782, 0.0000000000, 0.0000000000, 0.0000000000, -0.0074719618, 0.0305773782, -0.0306900148, 0.0000000000, -1.0036836598, -2.0334499285, 0.5733792589, 0.3847397019, 3.3458031845, 0.0000000000, 5.0000000000, 10.0000000000, 0.1028689000
         105, -0.0305821296, 0.0269378752, 0.0000000000, 0.0000000000, 0.0000000000, -0.0060936495, 0.0269378752, -0.0305821296, 0.0000000000, -1.1352836593, -2.0327083999, 0.5796395536, 0.3896319964, 3.3478803314, 0.0000000000, 5.0000000000, 10.0000000000, 0.1039119500
         106, -0.0301736809, 0.0243605310, 0.0000000000, 0.0000000000, 0.0000000000, -0.0046158440, 0.0243605310, -0.0301736809, 0.0000000000, -1.2386298500, -2.0313604435, 0.5808959282, 0.3917488142, 3.3498958483, 0.0000000000, 5.0000000000, 10.0000000000, 0.1048672333
         107, -0.0293994780, 0.0228628188, 0.0000000000, 0.0000000000, 0.0000000000, -0.0030841168, 0.0228628188, -0.0293994780, 0.0000000000, -1.2859078418, -2.0345778399, 0.5758824083, 0.3936601976, 3.3442154763, 0.0000000000, 5.0000000000, 10.0000000000, 0.1058453333
         108, -0.0282272520, 0.0220456024, 0.0000000000, 0.0000000000, 0.0000000000, -0.0015003635, 0.0220456024, -0.0282272520, 0.0000000000, -1.2804028403, -2.0390205019, 0.5703999156, 0.3940793946, 3.3379996736, 0.0000000000, 5.0000000000, 10.0000000000, 0.1068057667
         109, -0.0266409381, 0.0215504487, 0.0000000000, 0.0000000000, 0.0000000000, 0.0001378702, 0.0215504487, -0.0266409381, 0.0000000000, -1.2362126864, -2.0437607066, 0.5652817882, 0.3927442184, 3.3329499401, 0.0000000000, 5.0000000000, 10.0000000000, 0.1077999500
         110, -0.0246443657, 0.0211483204, 0.0000000000, 0.0000000000, 0.0000000000, 0.0018260958, 0.0211483204, -0.0246443657, 0.0000000000, -1.1653107810, -2.0489785984, 0.5601359847, 0.3900129275, 3.3285606734, 0.0000000000, 5.0000000000, 10.0000000000, 0.1087899667
         111, -0.0222633901, 0.0207190656, 0.0000000000, 0.0000000000, 0.0000000000, 0.0035511299, 0.0207190656, -0.0222633901, 0.0000000000, -1.0745363973, -2.0548195360, 0.5547920759, 0.3862102899, 3.3243758735, 0.0000000000, 5.0000000000, 10.0000000000, 0.1098011500
         112, -0.0195428915, 0.0202106864, 0.0000000000, 0.0000000000, 0.0000000000, 0.0052934499, 0.0202106864, -0.0195428915, 0.0000000000, -0.9669583276, -2.0613125203, 0.5492695527, 0.3815584935, 3.3201595577, 0.0000000000, 5.0000000000, 10.0000000000, 0.1107614167
         113, -0.0165403677, 0.0196058944, 0.0000000000, 0.0000000000, 0.0000000000, 0.0070303532, 0.0196058944, -0.0165403677, 0.0000000000, -0.8436425987, -2.0684380016, 0.5436506732, 0.3762248759, 3.3157794608, 0.0000000000, 5.0000000000, 10.0000000000, 0.1116823833
         114, -0.0133187173, 0.0189009147, 0.0000000000, 0.0000000000, 0.0000000000, 0.0087387499, 0.0189009147, -0.0133187173, 0.0000000000, -0.7046599325, -2.0761649503, 0.5380119182, 0.3703341081, 3.3111416076, 0.0000000000, 5.0000000000, 10.0000000000, 0.1126289500
         115, -0.0099400647, 0.0180946718, 0.0000000000, 0.0000000000, 0.0000000000, 0.0103972930, 0.0180946718, -0.0099400647, 0.0000000000, -0.5493365564, -2.0844573965, 0.5324010007, 0.3639643972, 3.3061765844, 0.0000000000, 5.0000000000, 10.0000000000, 0.1135852000
         116, -0.0064613421, 0.0171836547, 0.0000000000, 0.0000000000, 0.0000000000, 0.0119878218, 0.0171836547, -0.0064613421, 0.0000000000, -0.3760167585, -2.0932712584, 0.5268379023, 0.3571501460, 3.3008416737, 0.0000000000, 5.0000000000, 10.0000000000, 0.1146206167
         117, -0.0029316688, 0.0161601481, 0.0000000000, 0.0000000000, 0.0000000000, 0.0134961643, 0.0161601481, -0.0029316688, 0.0000000000, -0.1814134833, -2.1025505831, 0.5213276585, 0.3498944876, 3.2951234696, 0.0000000000, 5.0000000000, 10.0000000000, 0.1155985000
         118, 0.0006086031, 0.0150115937, 0.0000000000, 0.0000000000, 0.0000000000, 0.0149123959, 0.0150115937, 0.0006086031, 0.0000000000, 0.0405422015, -2.1122253437, 0.5158774464, 0.3421869514, 3.2890376182, 0.0000000000, 5.0000000000, 10.0000000000, 0.1165032333
         119, 0.0041277823, 0.0137227987, 0.0000000000, 0.0000000000, 0.0000000000, 0.0162305567, 0.0137227987, 0.0041277823, 0.0000000000, 0.3007974077, -2.1222096826, 0.5105145879, 0.3340229373, 3.2826277532, 0.0000000000, 5.0000000000, 10.0000000000, 0.1174233667
         120, 0.0076016918, 0.0122783162, 0.0000000000, 0.0000000000, 0.0000000000, 0.0174480691, 0.0122783162, 0.0076016918, 0.0000000000, 0.6191151703, -2.1323990937, 0.5053040219, 0.3254229178, 3.2759657786, 0.0000000000, 5.0000000000, 10.0000000000, 0.1184778500
         121, 0.0110122554, 0.0106679298, 0.0000000000, 0.0000000000, 0.0000000000, 0.0185648746, 0.0106679298, 0.0110122554, 0.0000000000, 1.0322767051, -2.1426652418, 0.5003661504, 0.3164501308, 3.2691559559, 0.0000000000, 5.0000000000, 10.0000000000, 0.1194008500
         122, 0.0143470981, 0.0089021967, 0.0000000000, 0.0000000000, 0.0000000000, 0.0195821002, 0.0089021967, 0.0143470981, 0.0000000000, 1.6116357024, -2.1528456613, 0.4958938756, 0.3072259956, 3.2623455869, 0.0000000000, 5.0000000000, 10.0000000000, 0.1204410000
         123, 0.0175995995, 0.0070317691, 0.0000000000, 0.0000000000, 0.0000000000, 0.0205006624, 0.0070317691, 0.0175995995, 0.0000000000, 2.5028693601, -2.1627245480, 0.4921591846, 0.2979411853, 3.2557443555, 0.0000000000, 5.0000000000, 10.0000000000, 0.1214305667
         124, 0.0207708514, 0.0051741544, 0.0000000000, 0.0000000000, 0.0000000000, 0.0213197018, 0.0051741544, 0.0207708514, 0.0000000000, 4.0143470191, -2.1720046085, 0.4894945088, 0.2888479485, 3.2496503483, 0.0000000000, 5.0000000000, 10.0000000000, 0.1224314333
         125, 0.0238721642, 0.0035270929, 0.0000000000, 0.0000000000, 0.0000000000, 0.0220355016, 0.0035270929, 0.0238721642, 0.0000000000, 6.7682266864, -2.1802821339, 0.4882025237, 0.2802203165, 3.2444595410, 0.0000000000, 5.0000000000, 10.0000000000, 0.1233541000
         126, 0.0269263414, 0.0023412116, 0.0000000000, 0.0000000000, 0.0000000000, 0.0226417255, 0.0023412116, 0.0269263414, 0.0000000000, 11.5010284973, -2.1870643735, 0.4883695115, 0.2722776607, 3.2406116970, 0.0000000000, 5.0000000000, 10.0000000000, 0.1242917000
         127, 0.0299612843, 0.0018292851, 0.0000000000, 0.0000000000, 0.0000000000, 0.0231312391, 0.0018292851, 0.0299612843, 0.0000000000, 16.3786847688, -2.1919248021, 0.4895756932, 0.2651079113, 3.2383588485, 0.0000000000, 5.0000000000, 10.0000000000, 0.1253171833
         128, 0.0329978712, 0.0020546508, 0.0000000000, 0.0000000000, 0.0000000000, 0.0234983328, 0.0020546508, 0.0329978712, 0.0000000000, 16.0600870098, -2.1947811320, 0.4908040359, 0.2586479928, 3.2374462367, 0.0000000000, 5.0000000000, 10.0000000000, 0.1262639833
         129, 0.0360339753, 0.0028612984, 0.0000000000, 0.0000000000, 0.0000000000, 0.0237399899, 0.0028612984, 0.0360339753, 0.0000000000, 12.5935749895, -2.1961474136, 0.4906710279, 0.2526526761, 3.2368924802, 0.0000000000, 5.0000000000, 10.0000000000, 0.1271990500
         130, 0.0390339452, 0.0039015288, 0.0000000000, 0.0000000000, 0.0000000000, 0.0238556394, 0.0039015288, 0.0390339452, 0.0000000000, 10.0047820847, -2.1970148004, 0.4880367184, 0.2465894074, 3.2352763060, 0.0000000000, 5.0000000000, 10.0000000000, 0.1282040667
         131, 0.0419345186, 0.0047597062, 0.0000000000, 0.0000000000, 0.0000000000, 0.0238458676, 0.0047597062, 0.0419345186, 0.0000000000, 8.8103166814, -2.1982650527, 0.4826787848, 0.2396594649, 3.2315609470, 0.0000000000, 5.0000000000, 10.0000000000, 0.1291142167
         132, 0.0446654379, 0.0051212917, 0.0000000000, 0.0000000000, 0.0000000000, 0.0237102443, 0.0051212917, 0.0446654379, 0.0000000000, 8.7215180597, -2.2001086243, 0.4754917412, 0.2311994665, 3.2257882682, 0.0000000000, 5.0000000000, 10.0000000000, 0.1300441667
         133, 0.0471677661, 0.0048604289, 0.0000000000, 0.0000000000, 0.0000000000, 0.0234459927, 0.0048604289, 0.0471677661, 0.0000000000, 9.7044451897, -2.2020739204, 0.4679436873, 0.2212553517, 3.2189809294, 0.0000000000, 5.0000000000, 10.0000000000, 0.1310377500
         134, 0.0493968221, 0.0040066052, 0.0000000000, 0.0000000000, 0.0000000000, 0.0230484069, 0.0040066052, 0.0493968221, 0.0000000000, 12.3288467887, -2.2035292003, 0.4612167660, 0.2107038880, 3.2123285531, 0.0000000000, 5.0000000000, 10.0000000000, 0.1320059667
         135, 0.0513152909, 0.0026583108, 0.0000000000, 0.0000000000, 0.0000000000, 0.0225127631, 0.0026583108, 0.0513152909, 0.0000000000, 19.3037216448, -2.2040772411, 0.4558057814, 0.2008401732, 3.2065971763, 0.0000000000, 5.0000000000, 10.0000000000, 0.1329346333
         136, 0.0528879947, 0.0009243534, 0.0000000000, 0.0000000000, 0.0000000000, 0.0218364462, 0.0009243534, 0.0528879947, 0.0000000000, 57.2162044184, -2.2035936388, 0.4516597148, 0.1928723541, 3.2021000232, 0.0000000000, 5.0000000000, 10.0000000000, 0.1339484000
         137, 0.0540820887, -0.0010953875, 0.0000000000, 0.0000000000, 0.0000000000, 0.0210206271, -0.0010953875, 0.0540820887, 0.0000000000, -49.3725652219, -2.2020948001, 0.4485088916, 0.1876435359, 3.1989377485, 0.0000000000, 5.0000000000, 10.0000000000, 0.1349473167
         138, 0.0548723209, -0.0032944630, 0.0000000000, 0.0000000000, 0.0000000000, 0.0200704018, -0.0032944630, 0.0548723209, 0.0000000000, -16.6559224415, -2.1996751143, 0.4460816775, 0.1855644494, 3.1971268386, 0.0000000000, 5.0000000000, 10.0000000000, 0.1359627167
         139, 0.0552477773, -0.0055279010, 0.0000000000, 0.0000000000, 0.0000000000, 0.0189931159, -0.0055279010, 0.0552477773, 0.0000000000, -9.9943500356, -2.1965382184, 0.4441464699, 0.1866302859, 3.1965545551, 0.0000000000, 5.0000000000, 10.0000000000, 0.1370773167
         140, 0.0552148727, -0.0076071578, 0.0000000000, 0.0000000000, 0.0000000000, 0.0177943522, -0.0076071578, 0.0552148727, 0.0000000000, -7.2582789116, -2.1930754576, 0.4424570759, 0.1904244002, 3.1968415637, 0.0000000000, 5.0000000000, 10.0000000000, 0.1381001833
         141, 0.0547788281, -0.0094631700, 0.0000000000, 0.0000000000, 0.0000000000, 0.0164680529, -0.0094631700, 0.0547788281, 0.0000000000, -5.7886340597, -2.1899813568, 0.4407992962, 0.1961964810, 3.1972025517, 0.0000000000, 5.0000000000, 10.0000000000, 0.1390475333
         142, 0.0539427341, -0.0111985661, 0.0000000000, 0.0000000000, 0.0000000000, 0.0149975431, -0.0111985661, 0.0539427341, 0.0000000000, -4.8169322256, -2.1882282393, 0.4393536126, 0.2034844345, 3.1965927819, 0.0000000000, 5.0000000000, 10.0000000000, 0.1400460333
         143, 0.0527490224, -0.0126884376, 0.0000000000, 0.0000000000, 0.0000000000, 0.0133915120, -0.0126884376, 0.0527490224, 0.0000000000, -4.1572512051, -2.1878398509, 0.4381778278, 0.2120790128, 3.1949424975, 0.0000000000, 5.0000000000, 10.0000000000, 0.1409674333
         144, 0.0512656559, -0.0135735025, 0.0000000000, 0.0000000000, 0.0000000000, 0.0116710035, -0.0135735025, 0.0512656559, 0.0000000000, -3.7768922132, -2.1876659187, 0.4368952509, 0.2203237063, 3.1935246161, 0.0000000000, 5.0000000000, 10.0000000000, 0.1419153167
         145, 0.0497219661, -0.0122573585, 0.0000000000, 0.0000000000, 0.0000000000, 0.0098218822, -0.0122573585, 0.0497219661, 0.0000000000, -4.0564992872, -2.1869280100, 0.4355739637, 0.2264797958, 3.1934672901, 0.0000000000, 5.0000000000, 10.0000000000, 0.1428588667
         146, 0.0482855582, -0.0079453533, 0.0000000000, 0.0000000000, 0.0000000000, 0.0077737933, -0.0079453533, 0.0482855582, 0.0000000000, -6.0772071782, -2.1846814265, 0.4346868667, 0.2282590005, 3.1961738359, 0.0000000000, 5.0000000000, 10.0000000000, 0.1438531667
         147, 0.0464338192, -0.0053051317, 0.0000000000, 0.0000000000, 0.0000000000, 0.0056132043, -0.0053051317, 0.0464338192, 0.0000000000, -8.7526233026, -2.1835090583, 0.4318002688, 0.2283729507, 3.1976593820, 0.0000000000, 5.0000000000, 10.0000000000, 0.1447753500
         148, 0.0440896299, -0.0048308583, 0.0000000000, 0.0000000000, 0.0000000000, 0.0034340501, -0.0048308583, 0.0440896299, 0.0000000000, -9.1266660069, -2.1878379922, 0.4247493412, 0.2290529743, 3.1915863586, 0.0000000000, 5.0000000000, 10.0000000000, 0.1457168000
         149, 0.0413153393, -0.0054082726, 0.0000000000, 0.0000000000, 0.0000000000, 0.0012411041, -0.0054082726, 0.0413153393, 0.0000000000, -7.6392856725, -2.1937206031, 0.4159768650, 0.2278660059, 3.1841701962, 0.0000000000, 5.0000000000, 10.0000000000, 0.1467165667
         150, 0.0381471758, -0.0062689825, 0.0000000000, 0.0000000000, 0.0000000000, -0.0009648341, -0.0062689825, 0.0381471758, 0.0000000000, -6.0850665901, -2.1992452321, 0.4072789699, 0.2255752691, 3.1785924674, 0.0000000000, 5.0000000000, 10.0000000000, 0.1476893667
         151, 0.0346206447, -0.0070094740, 0.0000000000, 0.0000000000, 0.0000000000, -0.0031800563, -0.0070094740, 0.0346206447, 0.0000000000, -4.9391216074, -2.2051247124, 0.3990951507, 0.2229631184, 3.1736519605, 0.0000000000, 5.0000000000, 10.0000000000, 0.1486629500
         152, 0.0307840921, -0.0074957480, 0.0000000000, 0.0000000000, 0.0000000000, -0.0053927271, -0.0074957480, 0.0307840921, 0.0000000000, -4.1068739544, -2.2118253109, 0.3915688799, 0.2201676638, 3.1684286093, 0.0000000000, 5.0000000000, 10.0000000000, 0.1495989333
         153, 0.0267004863, -0.0077326607, 0.0000000000, 0.0000000000, 0.0000000000, -0.0075831587, -0.0077326607, 0.0267004863, 0.0000000000, -3.4529494408, -2.2193460831, 0.3847842760, 0.2170031450, 3.1627488924, 0.0000000000, 5.0000000000, 10.0000000000, 0.1505787000
         154, 0.0224420127, -0.0077716659, 0.0000000000, 0.0000000000, 0.0000000000, -0.0097271361, -0.0077716659, 0.0224420127, 0.0000000000, -2.8876708091, -2.2275618136, 0.3787576262, 0.2132926768, 3.1566742004, 0.0000000000, 5.0000000000, 10.0000000000, 0.1515428000
         155, 0.0180826793, -0.0076649995, 0.0000000000, 0.0000000000, 0.0000000000, -0.0117993951, -0.0076649995, 0.0180826793, 0.0000000000, -2.3591233435, -2.2363791712, 0.3734293106, 0.2089338384, 3.1502535226, 0.0000000000, 5.0000000000, 10.0000000000, 0.1524718500
         156, 0.0136918395, -0.0074509171, 0.0000000000, 0.0000000000, 0.0000000000, -0.0137761938, -0.0074509171, 0.0136918395, 0.0000000000, -1.8376045989, -2.2457480109, 0.3686811731, 0.2038671085, 3.1434953548, 0.0000000000, 5.0000000000, 10.0000000000, 0.1535206333
         157, 0.0093296504, -0.0071534905, 0.0000000000, 0.0000000000, 0.0000000000, -0.0156369841, -0.0071534905, 0.0093296504, 0.0000000000, -1.3042095169, -2.2556331558, 0.3643755948, 0.1980509718, 3.1364020757, 0.0000000000, 5.0000000000, 10.0000000000, 0.1545042000
         158, 0.0050446399, -0.0067881120, 0.0000000000, 0.0000000000, 0.0000000000, -0.0173653220, -0.0067881120, 0.0050446399, 0.0000000000, -0.7431580270, -2.2659896700, 0.3603998052, 0.1914614717, 3.1290008341, 0.0000000000, 5.0000000000, 10.0000000000, 0.1555070500
         159, 0.0008731009, -0.0063677579, 0.0000000000, 0.0000000000, 0.0000000000, -0.0189491170, -0.0063677579, 0.0008731009, 0.0000000000, -0.1371127684, -2.2767481268, 0.3567027249, 0.1841056076, 3.1213589128, 0.0000000000, 5.0000000000, 10.0000000000, 0.1566016833
         160, -0.0031599764, -0.0059085442, 0.0000000000, 0.0000000000, 0.0000000000, -0.0203803725, -0.0059085442, -0.0031599764, 0.0000000000, 0.5348147172, -2.2878072048, 0.3533152576, 0.1760371017, 3.1135866110, 0.0000000000, 5.0000000000, 10.0000000000, 0.1575340500
         161, -0.0070392700, -0.0054345287, 0.0000000000, 0.0000000000, 0.0000000000, -0.0216545047, -0.0054345287, -0.0070392700, 0.0000000000, 1.2952861920, -2.2990286363, 0.3503513072, 0.1673673922, 3.1058344299, 0.0000000000, 5.0000000000, 10.0000000000, 0.1584878167
         162, -0.0107570540, -0.0049814582, 0.0000000000, 0.0000000000, 0.0000000000, -0.0227694773, -0.0049814582, -0.0107570540, 0.0000000000, 2.1594187200, -2.3102314527, 0.3479863889, 0.1582663222, 3.0982886177, 0.0000000000, 5.0000000000, 10.0000000000, 0.1593993333
         163, -0.0143112824, -0.0045979047, 0.0000000000, 0.0000000000, 0.0000000000, -0.0237249099, -0.0045979047, -0.0143112824, 0.0000000000, 3.1125661060, -2.3211850804, 0.3464102409, 0.1489501458, 3.0911659848, 0.0000000000, 5.0000000000, 10.0000000000, 0.1603065000
         164, -0.0177040712, -0.0043406242, 0.0000000000, 0.0000000000, 0.0000000000, -0.0245213381, -0.0043406242, -0.0177040712, 0.0000000000, 4.0786924080, -2.3316083449, 0.3457494661, 0.1396553494, 3.0846984500, 0.0000000000, 5.0000000000, 10.0000000000, 0.1612679000
         165, -0.0209400476, -0.0042621880, 0.0000000000, 0.0000000000, 0.0000000000, -0.0251596995, -0.0042621880, -0.0209400476, 0.0000000000, 4.9129807556, -2.3411930659, 0.3459636980, 0.1305971959, 3.0790856240, 0.0000000000, 5.0000000000, 10.0000000000, 0.1622654500
         166, -0.0240241592, -0.0043920317, 0.0000000000, 0.0000000000, 0.0000000000, -0.0256409286, -0.0043920317, -0.0240241592, 0.0000000000, 5.4699421562, -2.3496747923, 0.3467527818, 0.1219147910, 3.0743988140, 0.0000000000, 5.0000000000, 10.0000000000, 0.1632039333
         167, -0.0269581169, -0.0047191358, 0.0000000000, 0.0000000000, 0.0000000000, -0.0259654352, -0.0047191358, -0.0269581169, 0.0000000000, 5.7125113951, -2.3569549284, 0.3475324160, 0.1136030258, 3.0704478894, 0.0000000000, 5.0000000000, 10.0000000000, 0.1641097833
         168, -0.0297365033, -0.0051868174, 0.0000000000, 0.0000000000, 0.0000000000, -0.0261325510, -0.0051868174, -0.0297365033, 0.0000000000, 5.7330923510, -2.3632025653, 0.3475531711, 0.1054501096, 3.0667158646, 0.0000000000, 5.0000000000, 10.0000000000, 0.1650604833
         169, -0.0323444844, -0.0057041880, 0.0000000000, 0.0000000000, 0.0000000000, -0.0261404454, -0.0057041880, -0.0323444844, 0.0000000000, 5.6703048206, -2.3688234225, 0.3461440174, 0.0970215427, 3.0624808377, 0.0000000000, 5.0000000000, 10.0000000000, 0.1660174833
         170, -0.0347589498, -0.0061723846, 0.0000000000, 0.0000000000, 0.0000000000, -0.0259866830, -0.0061723846, -0.0347589498, 0.0000000000, 5.6313648837, -2.3742595465, 0.3429707062, 0.0877423010, 3.0571278754, 0.0000000000, 5.0000000000, 10.0000000000, 0.1669598667
         171, -0.0369534295, -0.0065125455, 0.0000000000, 0.0000000000, 0.0000000000, -0.0256692071, -0.0065125455, -0.0369534295, 0.0000000000, 5.6741913935, -2.3797251037, 0.3381726318, 0.0771096835, 3.0504870843, 0.0000000000, 5.0000000000, 10.0000000000, 0.1678574000
         172, -0.0389035141, -0.0066824899, 0.0000000000, 0.0000000000, 0.0000000000, -0.0251870390, -0.0066824899, -0.0389035141, 0.0000000000, 5.8217093844, -2.3851099305, 0.3322620973, 0.0649384233, 3.0429051969, 0.0000000000, 5.0000000000, 10.0000000000, 0.1688436500
         173, -0.0405896905, -0.0066761018, 0.0000000000, 0.0000000000, 0.0000000000, -0.0245404983, -0.0066761018, -0.0405896905, 0.0000000000, 6.0798489438, -2.3901086433, 0.3258598483, 0.0514925698, 3.0350065490, 0.0000000000, 5.0000000000, 10.0000000000, 0.1697270333
         174, -0.0419973447, -0.0065111251, 0.0000000000, 0.0000000000, 0.0000000000, -0.0237312430, -0.0065111251, -0.0419973447, 0.0000000000, 6.4500902459, -2.3944235590, 0.3194517143, 0.0374302109, 3.0273704027, 0.0000000000, 5.0000000000, 10.0000000000, 0.1706537167
         175, -0.0431155280, -0.0062147881, 0.0000000000, 0.0000000000, 0.0000000000, -0.0227625062, -0.0062147881, -0.0431155280, 0.0000000000, 6.9375701312, -2.3978747467, 0.3132921454, 0.0236233894, 3.0203616592, 0.0000000000, 5.0000000000, 10.0000000000, 0.1716000167
         176, -0.0439359512, -0.0058131174, 0.0000000000, 0.0000000000, 0.0000000000, -0.0216395897, -0.0058131174, -0.0439359512, 0.0000000000, 7.5580705089, -2.4004014825, 0.3074367868, 0.0109614481, 3.0141370990, 0.0000000000, 5.0000000000, 10.0000000000, 0.1725552833
         177, -0.0444527549, -0.0053256144, 0.0000000000, 0.0000000000, 0.0000000000, -0.0203704179, -0.0053256144, -0.0444527549, 0.0000000000, 8.3469720780, -2.4020234639, 0.3018255983, 0.0002049313, 3.0087231029, 0.0000000000, 5.0000000000, 10.0000000000, 0.1734323667
         178, -0.0446627823, -0.0047647985, 0.0000000000, 0.0000000000, 0.0000000000, -0.0189659658, -0.0047647985, -0.0446627823, 0.0000000000, 9.3734881871, -2.4028122067, 0.2963591799, -0.0080980369, 3.0040808498, 0.0000000000, 5.0000000000, 10.0000000000, 0.1743916000
         179, -0.0445660691, -0.0041394494, 0.0000000000, 0.0000000000, 0.0000000000, -0.0174404037, -0.0041394494, -0.0445660691, 0.0000000000, 10.7661828209, -2.4028780246, 0.2909485789, -0.0136465044, 3.0001418365, 0.0000000000, 5.0000000000, 10.0000000000, 0.1753088667
         180, -0.0441665095, -0.0034611925, 0.0000000000, 0.0000000000, 0.0000000000, -0.0158109469, -0.0034611925, -0.0441665095, 0.0000000000, 12.7604890646, -2.4023636557, 0.2855377937, -0.0163896468, 2.9968230394, 0.0000000000, 5.0000000000, 10.0000000000, 0.1762039500
         181, -0.0434731138, -0.0027551893, 0.0000000000, 0.0000000000, 0.0000000000, -0.0140976735, -0.0027551893, -0.0434731138, 0.0000000000, 15.7786304401, -2.4014380002, 0.2801030796, -0.0165090198, 2.9940316681, 0.0000000000, 5.0000000000, 10.0000000000, 0.1771753167
         182, -0.0425031090, -0.0020768227, 0.0000000000, 0.0000000000, 0.0000000000, -0.0123238642, -0.0020768227, -0.0425031090, 0.0000000000, 20.4654487004, -2.4002873446, 0.2746390681, -0.0143852327, 2.9916677055, 0.0000000000, 5.0000000000, 10.0000000000, 0.1781163000
         183, -0.0412865697, -0.0015265450, 0.0000000000, 0.0000000000, 0.0000000000, -0.0105165546, -0.0015265450, -0.0412865697, 0.0000000000, 27.0457602829, -2.3991161547, 0.2691541875, -0.0105432196, 2.9896193222, 0.0000000000, 5.0000000000, 10.0000000000, 0.1790355000
         184, -0.0398534851, -0.0011841904, 0.0000000000, 0.0000000000, 0.0000000000, -0.0086971266, -0.0011841904, -0.0398534851, 0.0000000000, 33.6546247227, -2.3982193394, 0.2637388573, -0.0054983070, 2.9876980632, 0.0000000000, 5.0000000000, 10.0000000000, 0.1800612500
         185, -0.0381834040, -0.0009288083, 0.0000000000, 0.0000000000, 0.0000000000, -0.0068512155, -0.0009288083, -0.0381834040, 0.0000000000, 41.1101012140, -2.3982627337, 0.2586910269, 0.0006596206, 2.9853109960, 0.0000000000, 5.0000000000, 10.0000000000, 0.1810015833
         186, -0.0362441983, -0.0006287803, 0.0000000000, 0.0000000000, 0.0000000000, -0.0049535144, -0.0006287803, -0.0362441983, 0.0000000000, 57.6420687901, -2.3998674883, 0.2542540370, 0.0081397422, 2.9817797525, 0.0000000000, 5.0000000000, 10.0000000000, 0.1820211667
         187, -0.0340538796, -0.0003404339, 0.0000000000, 0.0000000000, 0.0000000000, -0.0030130958, -0.0003404339, -0.0340538796, 0.0000000000, 100.0308038699, -2.4019936061, 0.2503628129, 0.0158670919, 2.9783177943, 0.0000000000, 5.0000000000, 10.0000000000, 0.1830198500
         188, -0.0316847015, -0.0003749269, 0.0000000000, 0.0000000000, 0.0000000000, -0.0010536993, -0.0003749269, -0.0316847015, 0.0000000000, 84.5090213660, -2.4034860627, 0.2466749874, 0.0222396826, 2.9762841555, 0.0000000000, 5.0000000000, 10.0000000000, 0.1840356167
         189, -0.0292745061, -0.0014666224, 0.0000000000, 0.0000000000, 0.0000000000, 0.0009212937, -0.0014666224, -0.0292745061, 0.0000000000, 19.9604926171, -2.4038140104, 0.2429000903, 0.0258491089, 2.9762896916, 0.0000000000, 5.0000000000, 10.0000000000, 0.1850241167
         190, -0.0266373335, -0.0025474902, 0.0000000000, 0.0000000000, 0.0000000000, 0.0029365832, -0.0025474902, -0.0266373335, 0.0000000000, 10.4563047146, -2.4033939119, 0.2390866454, 0.0258066834, 2.9776581813, 0.0000000000, 5.0000000000, 10.0000000000, 0.1859914333
         191, -0.0236705476, -0.0026635014, 0.0000000000, 0.0000000000, 0.0000000000, 0.0049415071, -0.0026635014, -0.0236705476, 0.0000000000, 8.8870040134, -2.4069774020, 0.2327046967, 0.0259684156, 2.9737393799, 0.0000000000, 5.0000000000, 10.0000000000, 0.1871124333
         192, -0.0204548944, -0.0021790531, 0.0000000000, 0.0000000000, 0.0000000000, 0.0068976443, -0.0021790531, -0.0204548944, 0.0000000000, 9.3870566298, -2.4134857059, 0.2226607791, 0.0251737845, 2.9660347096, 0.0000000000, 5.0000000000, 10.0000000000, 0.1880915500
         193, -0.0170541799, -0.0014691609, 0.0000000000, 0.0000000000, 0.0000000000, 0.0087780608, -0.0014691609, -0.0170541799, 0.0000000000, 11.6081089712, -2.4202562037, 0.2110831522, 0.0225790986, 2.9588475394, 0.0000000000, 5.0000000000, 10.0000000000, 0.1890728333
         194, -0.0135211130, -0.0007709722, 0.0000000000, 0.0000000000, 0.0000000000, 0.0105628573, -0.0007709722, -0.0135211130, 0.0000000000, 17.5377435343, -2.4271609698, 0.1993467577, 0.0187763028, 2.9525689365, 0.0000000000, 5.0000000000, 10.0000000000, 0.1900035833
         195, -0.0098948575, -0.0001855894, 0.0000000000, 0.0000000000, 0.0000000000, 0.0122439782, -0.0001855894, -0.0098948575, 0.0000000000, 53.3158635793, -2.4345490812, 0.1878912250, 0.0143891434, 2.9465479522, 0.0000000000, 5.0000000000, 10.0000000000, 0.1909447333
         196, -0.0062107611, 0.0002731032, 0.0000000000, 0.0000000000, 0.0000000000, 0.0138171213, 0.0002731032, -0.0062107611, 0.0000000000, -22.7414454449, -2.4425447067, 0.1768851165, 0.0096222290, 2.9404055867, 0.0000000000, 5.0000000000, 10.0000000000, 0.1920214833
         197, -0.0025061815, 0.0006258761, 0.0000000000, 0.0000000000, 0.0000000000, 0.0152769200, 0.0006258761, -0.0025061815, 0.0000000000, -4.0042775481, -2.4511082558, 0.1664632516, 0.0044723708, 2.9340672092, 0.0000000000, 5.0000000000, 10.0000000000, 0.1929055167
         198, 0.0011799244, 0.0009006456, 0.0000000000, 0.0000000000, 0.0000000000, 0.0166164919, 0.0009006456, 0.0011799244, 0.0000000000, 1.3100872636, -2.4601601411, 0.1567518598, -0.0010532413, 2.9275797273, 0.0000000000, 5.0000000000, 10.0000000000, 0.1938855667
         199, 0.0048098091, 0.0011253937, 0.0000000000, 0.0000000000, 0.0000000000, 0.0178285667, 0.0011253937, 0.0048098091, 0.0000000000, 4.2738903182, -2.4696308477, 0.1478765639, -0.0068887464, 2.9210078248, 0.0000000000, 5.0000000000, 10.0000000000, 0.1948394000
         200, 0.0083499502, 0.0013289676, 0.0000000000, 0.0000000000, 0.0000000000, 0.0189068841, 0.0013289676, 0.0083499502, 0.0000000000, 6.2830351058, -2.4794474727, 0.1399947251, -0.0129254121, 2.9144272566, 0.0000000000, 5.0000000000, 10.0000000000, 0.1957611000
         201, 0.0117736343, 0.0015411393, 0.0000000000, 0.0000000000, 0.0000000000, 0.0198474268, 0.0015411393, 0.0117736343, 0.0000000000, 7.6395650283, -2.4895023093, 0.1333107533, -0.0190437719, 2.9079473482, 0.0000000000, 5.0000000000, 10.0000000000, 0.1967046500
         202, 0.0150624572, 0.0017891966, 0.0000000000, 0.0000000000, 0.0000000000, 0.0206490860, 0.0017891966, 0.0150624572, 0.0000000000, 8.4185592515, -2.4996338865, 0.1280242619, -0.0251495090, 2.9017157667, 0.0000000000, 5.0000000000, 10.0000000000, 0.1976517333
         203, 0.0182062089, 0.0020935311, 0.0000000000, 0.0000000000, 0.0000000000, 0.0213134675, 0.0020935311, 0.0182062089, 0.0000000000, 8.6964119414, -2.5096354294, 0.1242205304, -0.0312026429, 2.8958900773, 0.0000000000, 5.0000000000, 10.0000000000, 0.1985540500
         204, 0.0212012969, 0.0024650775, 0.0000000000, 0.0000000000, 0.0000000000, 0.0218439915, 0.0024650775, 0.0212012969, 0.0000000000, 8.6006612464, -2.5192928022, 0.1217735786, -0.0372331180, 2.8905805008, 0.0000000000, 5.0000000000, 10.0000000000, 0.1994561333
         205, 0.0240482829, 0.0029049508, 0.0000000000, 0.0000000000, 0.0000000000, 0.0222447360, 0.0029049508, 0.0240482829, 0.0000000000, 8.2783785829, -2.5284375559, 0.1203235649, -0.0433467083, 2.8857873014, 0.0000000000, 5.0000000000, 10.0000000000, 0.2004505667
         206, 0.0267491792, 0.0034051001, 0.0000000000, 0.0000000000, 0.0000000000, 0.0225194421, 0.0034051001, 0.0267491792, 0.0000000000, 7.8556220870, -2.5369907507, 0.1193350229, -0.0497281519, 2.8813655385, 0.0000000000, 5.0000000000, 10.0000000000, 0.2014243500
         207, 0.0293049130, 0.0039494164, 0.0000000000, 0.0000000000, 0.0000000000, 0.0226709041, 0.0039494164, 0.0293049130, 0.0000000000, 7.4200616522, -2.5449781438, 0.1182057218, -0.0566399422, 2.8770396873, 0.0000000000, 5.0000000000, 10.0000000000, 0.2023453833
         208, 0.0317134016, 0.0045153678, 0.0000000000, 0.0000000000, 0.0000000000, 0.0227008390, 0.0045153678, 0.0317134016, 0.0000000000, 7.0234370018, -2.5525067829, 0.1163944775, -0.0644045985, 2.8724736548, 0.0000000000, 5.0000000000, 10.0000000000, 0.2032578500
         209, 0.0339686445, 0.0050770845, 0.0000000000, 0.0000000000, 0.0000000000, 0.0226101641, 0.0050770845, 0.0339686445, 0.0000000000, 6.6905809415, -2.5597093242, 0.1135393710, -0.0733596159, 2.8673772100, 0.0000000000, 5.0000000000, 10.0000000000, 0.2043669500
         210, 0.0360611375, 0.0056097465, 0.0000000000, 0.0000000000, 0.0000000000, 0.0223995002, 0.0056097465, 0.0360611375, 0.0000000000, 6.4283007400, -2.5666773344, 0.1095360632, -0.0837800117, 2.8616091283, 0.0000000000, 5.0000000000, 10.0000000000, 0.2053294333
         211, 0.0379792862, 0.0060937215, 0.0000000000, 0.0000000000, 0.0000000000, 0.0220696564, 0.0060937215, 0.0379792862, 0.0000000000, 6.2325273667, -2.5734210920, 0.1045402228, -0.0957886872, 2.8552205510, 0.0000000000, 5.0000000000, 10.0000000000, 0.2062454667
         212, 0.0397110217, 0.0065168795, 0.0000000000, 0.0000000000, 0.0000000000, 0.0216219093, 0.0065168795, 0.0397110217, 0.0000000000, 6.0935639232, -2.5798796200, 0.0988865647, -0.1092931502, 2.8484102720, 0.0000000000, 5.0000000000, 10.0000000000, 0.2071866833
         213, 0.0412448727, 0.0068742409, 0.0000000000, 0.0000000000, 0.0000000000, 0.0210580874, 0.0068742409, 0.0412448727, 0.0000000000, 5.9999167228, -2.5859646798, 0.0929602529, -0.1239777649, 2.8414243322, 0.0000000000, 5.0000000000, 10.0000000000, 0.2081758500
         214, 0.0425703628, 0.0071657595, 0.0000000000, 0.0000000000, 0.0000000000, 0.0203805997, 0.0071657595, 0.0425703628, 0.0000000000, 5.9408026237, -2.5916009454, 0.0870829362, -0.1393544897, 2.8344667253, 0.0000000000, 5.0000000000, 10.0000000000, 0.2091984500
         215, 0.0436780273, 0.0073935926, 0.0000000000, 0.0000000000, 0.0000000000, 0.0195925207, 0.0073935926, 0.0436780273, 0.0000000000, 5.9075512465, -2.5967398824, 0.0814546549, -0.1548440708, 2.8276629597, 0.0000000000, 5.0000000000, 10.0000000000, 0.2102116000
         216, 0.0445593419, 0.0075599778, 0.0000000000, 0.0000000000, 0.0000000000, 0.0186977621, 0.0075599778, 0.0445593419, 0.0000000000, 5.8941101848, -2.6013535682, 0.0761526415, -0.1698548739, 2.8210699983, 0.0000000000, 5.0000000000, 10.0000000000, 0.2111500667
         217, 0.0452067460, 0.0076662105, 0.0000000000, 0.0000000000, 0.0000000000, 0.0177012702, 0.0076662105, 0.0452067460, 0.0000000000, 5.8968829652, -2.6054248539, 0.0711640068, -0.1838400552, 2.8147045688, 0.0000000000, 5.0000000000, 10.0000000000, 0.2121605667
         218, 0.0456137905, 0.0077128184, 0.0000000000, 0.0000000000, 0.0000000000, 0.0166092024, 0.0077128184, 0.0456137905, 0.0000000000, 5.9140236692, -2.6089438170, 0.0664258034, -0.1963324275, 2.8085676066, 0.0000000000, 5.0000000000, 10.0000000000, 0.2130734167
         219, 0.0457754251, 0.0077008160, 0.0000000000, 0.0000000000, 0.0000000000, 0.0154290478, 0.0077008160, 0.0457754251, 0.0000000000, 5.9442304595, -2.6119095031, 0.0618573620, -0.2069643309, 2.8026596300, 0.0000000000, 5.0000000000, 10.0000000000, 0.2139625667
         220, 0.0456884692, 0.0076340422, 0.0000000000, 0.0000000000, 0.0000000000, 0.0141697268, 0.0076340422, 0.0456884692, 0.0000000000, 5.9848331784, -2.6143339305, 0.0573773706, -0.2154820209, 2.7969874441, 0.0000000000, 5.0000000000, 10.0000000000, 0.2148926833
         221, 0.0453524792, 0.0075226769, 0.0000000000, 0.0000000000, 0.0000000000, 0.0128418353, 0.0075226769, 0.0453524792, 0.0000000000, 6.0287687527, -2.6162438218, 0.0529073837, -0.2217589258, 2.7915673309, 0.0000000000, 5.0000000000, 10.0000000000, 0.2159075167
         222, 0.0447715969, 0.0073880332, 0.0000000000, 0.0000000000, 0.0000000000, 0.0114584500, 0.0073880332, 0.0447715969, 0.0000000000, 6.0600156899, -2.6176772646, 0.0483702518, -0.2258042263, 2.7864307113, 0.0000000000, 5.0000000000, 10.0000000000, 0.2169106833
         223, 0.0439582731, 0.0072670331, 0.0000000000, 0.0000000000, 0.0000000000, 0.0100370164, 0.0072670331, 0.0439582731, 0.0000000000, 6.0489986548, -2.6186715971, 0.0437099027, -0.2277511516, 2.7816460709, 0.0000000000, 5.0000000000, 10.0000000000, 0.2178605333
         224, 0.0429375521, 0.0072063985, 0.0000000000, 0.0000000000, 0.0000000000, 0.0086008868, 0.0072063985, 0.0429375521, 0.0000000000, 5.9582539200, -2.6192496106, 0.0389873529, -0.2277884411, 2.7773657098, 0.0000000000, 5.0000000000, 10.0000000000, 0.2189685167
         225, 0.0417407719, 0.0072265485, 0.0000000000, 0.0000000000, 0.0000000000, 0.0071721183, 0.0072265485, 0.0417407719, 0.0000000000, 5.7760315056, -2.6194760277, 0.0345730760, -0.2260146957, 2.7738006984, 0.0000000000, 5.0000000000, 10.0000000000, 0.2199536000
         226, 0.0403810213, 0.0072837613, 0.0000000000, 0.0000000000, 0.0000000000, 0.0057531862, 0.0072837613, 0.0403810213, 0.0000000000, 5.5439792486, -2.6196995814, 0.0311348922, -0.2224123198, 2.7708507753, 0.0000000000, 5.0000000000, 10.0000000000, 0.2208861500
         227, 0.0388475173, 0.0073092776, 0.0000000000, 0.0000000000, 0.0000000000, 0.0043292476, 0.0073092776, 0.0388475173, 0.0000000000, 5.3148230964, -2.6204893606, 0.0290499219, -0.2172530160, 2.7679586842, 0.0000000000, 5.0000000000, 10.0000000000, 0.2218984500
         228, 0.0371276467, 0.0072632662, 0.0000000000, 0.0000000000, 0.0000000000, 0.0028895602, 0.0072632662, 0.0371276467, 0.0000000000, 5.1117012301, -2.6218295997, 0.0280968094, -0.2112753347, 2.7651303752, 0.0000000000, 5.0000000000, 10.0000000000, 0.2228951667
         229, 0.0352168565, 0.0071390629, 0.0000000000, 0.0000000000, 0.0000000000, 0.0014330100, 0.0071390629, 0.0352168565, 0.0000000000, 4.9329802738, -2.6232580757, 0.0277103755, -0.2051964161, 2.7628446384, 0.0000000000, 5.0000000000, 10.0000000000, 0.2238916500
         230, 0.0331180461, 0.0069500685, 0.0000000000, 0.0000000000, 0.0000000000, -0.0000353084, 0.0069500685, 0.0331180461, 0.0000000000, 4.7651395178, -2.6246340661, 0.0271570815, -0.1995457031, 2.7610490621, 0.0000000000, 5.0000000000, 10.0000000000, 0.2249709833
         231, 0.0308401559, 0.0067181558, 0.0000000000, 0.0000000000, 0.0000000000, -0.0015070522, 0.0067181558, 0.0308401559, 0.0000000000, 4.5905687426, -2.6261336015, 0.0257745797, -0.1948253115, 2.7592795082, 0.0000000000, 5.0000000000, 10.0000000000, 0.2258854667
         232, 0.0283968308, 0.0064649076, 0.0000000000, 0.0000000000, 0.0000000000, -0.0029726287, 0.0064649076, 0.0283968308, 0.0000000000, 4.3924573480, -2.6279450329, 0.0231710547, -0.1915443630, 2.7571684317, 0.0000000000, 5.0000000000, 10.0000000000, 0.2268077333
         233, 0.0258057973, 0.0062023141, 0.0000000000, 0.0000000000, 0.0000000000, -0.0044217248, 0.0062023141, 0.0258057973, 0.0000000000, 4.1606724063, -2.6301456787, 0.0192678680, -0.1901209908, 2.7546082588, 0.0000000000, 5.0000000000, 10.0000000000, 0.2277484333
         234, 0.0230895651, 0.0059207182, 0.0000000000, 0.0000000000, 0.0000000000, -0.0058421023, 0.0059207182, 0.0230895651, 0.0000000000, 3.8997912695, -2.6327547077, 0.0142312314, -0.1907481979, 2.7516191550, 0.0000000000, 5.0000000000, 10.0000000000, 0.2288108000
         235, 0.0202758824, 0.0055849191, 0.0000000000, 0.0000000000, 0.0000000000, -0.0072185148, 0.0055849191, 0.0202758824, 0.0000000000, 3.6304702210, -2.6358508304, 0.0083414017, -0.1932676182, 2.7481240864, 0.0000000000, 5.0000000000, 10.0000000000, 0.2297924833
         236, 0.0173879837, 0.0051529078, 0.0000000000, 0.0000000000, 0.0000000000, -0.0085369657, 0.0051529078, 0.0173879837, 0.0000000000, 3.3744022402, -2.6396405415, 0.0018307309, -0.1971227475, 2.7438365066, 0.0000000000, 5.0000000000, 10.0000000000, 0.2306934833
         237, 0.0144153950, 0.0045989307, 0.0000000000, 0.0000000000, 0.0000000000, -0.0097949735, 0.0045989307, 0.0144153950, 0.0000000000, 3.1345101315, -2.6445463816, -0.0053483965, -0.2015381789, 2.7381821164, 0.0000000000, 5.0000000000, 10.0000000000, 0.2316915833
         238, 0.0113224607, 0.0039257916, 0.0000000000, 0.0000000000, 0.0000000000, -0.0109926235, 0.0039257916, 0.0113224607, 0.0000000000, 2.8841216548, -2.6513719061, -0.0137911300, -0.2061525328, 2.7301937519, 0.0000000000, 5.0000000000, 10.0000000000, 0.2326414167
         239, 0.0081406034, 0.0031731274, 0.0000000000, 0.0000000000, 0.0000000000, -0.0120985218, 0.0031731274, 0.0081406034, 0.0000000000, 2.5654826352, -2.6606651951, -0.0242561810, -0.2118382967, 2.7195783081, 0.0000000000, 5.0000000000, 10.0000000000, 0.2335553667
         240, 0.0049515761, 0.0023952810, 0.0000000000, 0.0000000000, 0.0000000000, -0.0130740609, 0.0023952810, 0.0049515761, 0.0000000000, 2.0672213785, -2.6713353202, -0.0365591246, -0.2198137129, 2.7084670945, 0.0000000000, 5.0000000000, 10.0000000000, 0.2344360333
         241, 0.0018034564, 0.0016310926, 0.0000000000, 0.0000000000, 0.0000000000, -0.0139113002, 0.0016310926, 0.0018034564, 0.0000000000, 1.1056738285, -2.6815220686, -0.0495522783, -0.2297017091, 2.6995633253, 0.0000000000, 5.0000000000, 10.0000000000, 0.2354585667
         242, -0.0012853209, 0.0008983203, 0.0000000000, 0.0000000000, 0.0000000000, -0.0146214617, 0.0008983203, -0.0012853209, 0.0000000000, -1.4308047914, -2.6907168942, -0.0622817836, -0.2401372388, 2.6930533725, 0.0000000000, 5.0000000000, 10.0000000000, 0.2364494667
         243, -0.0043015446, 0.0001990192, 0.0000000000, 0.0000000000, 0.0000000000, -0.0152176403, 0.0001990192, -0.0043015446, 0.0000000000, -21.6137153036, -2.6993614198, -0.0742694826, -0.2500702067, 2.6877532779, 0.0000000000, 5.0000000000, 10.0000000000, 0.2373542667
         244, -0.0072287718, -0.0004714078, 0.0000000000, 0.0000000000, 0.0000000000, -0.0157086603, -0.0004714078, -0.0072287718, 0.0000000000, 15.3344351449, -2.7079096074, -0.0851475781, -0.2588854006, 2.6827708334, 0.0000000000, 5.0000000000, 10.0000000000, 0.2383075500
         245, -0.0100477176, -0.0011185773, 0.0000000000, 0.0000000000, 0.0000000000, -0.0160987990, -0.0011185773, -0.0100477176, 0.0000000000, 8.9825866458, -2.7165788035, -0.0945498037, -0.2663081776, 2.6777994436, 0.0000000000, 5.0000000000, 10.0000000000, 0.2392599000
         246, -0.0127386815, -0.0017473704, 0.0000000000, 0.0000000000, 0.0000000000, -0.0163892197, -0.0017473704, -0.0127386815, 0.0000000000, 7.2902009838, -2.7253880381, -0.1022180608, -0.2723596124, 2.6728824805, 0.0000000000, 5.0000000000, 10.0000000000, 0.2402425500
         247, -0.0152838422, -0.0023613744, 0.0000000000, 0.0000000000, 0.0000000000, -0.0165795370, -0.0023613744, -0.0152838422, 0.0000000000, 6.4724348830, -2.7342513061, -0.1080976614, -0.2772884660, 2.6681513914, 0.0000000000, 5.0000000000, 10.0000000000, 0.2412285333
         248, -0.0176686068, -0.0029624334, 0.0000000000, 0.0000000000, 0.0000000000, -0.0166689660, -0.0029624334, -0.0176686068, 0.0000000000, 5.9642206766, -2.7430611039, -0.1123727099, -0.2815119191, 2.6636581827, 0.0000000000, 5.0000000000, 10.0000000000, 0.2422670667
         249, -0.0198817961, -0.0035503175, 0.0000000000, 0.0000000000, 0.0000000000, -0.0166569640, -0.0035503175, -0.0198817961, 0.0000000000, 5.6000050699, -2.7517367191, -0.1154353837, -0.2855647692, 2.6593182209, 0.0000000000, 5.0000000000, 10.0000000000, 0.2431613667
